[12032] 2026/02/12 23:04:59.632246 [INF] Starting nats-server
[12032] 2026/02/12 23:04:59.632323 [INF]   Version:  2.11.6
[12032] 2026/02/12 23:04:59.632326 [INF]   Git:      [bc813ee]
[12032] 2026/02/12 23:04:59.632327 [INF]   Name:     NBQ7TVUZ6TFL6ZWNFN4DZUK7UR3253V4NE74JOA563NOIYZ3M76TDT26
[12032] 2026/02/12 23:04:59.632333 [INF]   Node:     MOErRqvp
[12032] 2026/02/12 23:04:59.632334 [INF]   ID:       NBQ7TVUZ6TFL6ZWNFN4DZUK7UR3253V4NE74JOA563NOIYZ3M76TDT26
[12032] 2026/02/12 23:04:59.634114 [INF] Starting http monitor on 127.0.0.1:8222
[12032] 2026/02/12 23:04:59.634195 [INF] Starting JetStream
[12032] 2026/02/12 23:04:59.634200 [WRN] Temporary storage directory used, data could be lost on system reboot
[12032] 2026/02/12 23:04:59.634353 [INF]     _ ___ _____ ___ _____ ___ ___   _   __  __
[12032] 2026/02/12 23:04:59.634354 [INF]  _ | | __|_   _/ __|_   _| _ \ __| /_\ |  \/  |
[12032] 2026/02/12 23:04:59.634355 [INF] | || | _|  | | \__ \ | | |   / _| / _ \| |\/| |
[12032] 2026/02/12 23:04:59.634356 [INF]  \__/|___| |_| |___/ |_| |_|_\___/_/ \_\_|  |_|
[12032] 2026/02/12 23:04:59.634357 [INF] 
[12032] 2026/02/12 23:04:59.634358 [INF]          https://docs.nats.io/jetstream
[12032] 2026/02/12 23:04:59.634359 [INF] 
[12032] 2026/02/12 23:04:59.634360 [INF] ---------------- JETSTREAM ----------------
[12032] 2026/02/12 23:04:59.634361 [INF]   Max Memory:      2.86 TB
[12032] 2026/02/12 23:04:59.634363 [INF]   Max Storage:     57.93 GB
[12032] 2026/02/12 23:04:59.634364 [INF]   Store Directory: "/tmp/nats/jetstream"
[12032] 2026/02/12 23:04:59.634365 [INF]   API Level:       1
[12032] 2026/02/12 23:04:59.634365 [INF] -------------------------------------------
[12032] 2026/02/12 23:04:59.634739 [INF] Listening for client connections on 127.0.0.1:4222
[12032] 2026/02/12 23:04:59.634745 [INF] Server is ready
