Word Error Rate: 2.133673401410394%, accuracy=97.86632659858961%

hash=2e0ac643ac6ab67084c3d57d7f09a50ca3b84f223fb157bc2c0c32649f5bdc74

hash=0c646b955cfe13334ee824bca8f8120d331bf72f65d1a332f871b2378b22fb60
